10165278
10439188
10759751
10856081
1166963
11817821
11965920
11982410
1235829
12491204
1249584
12571350
12633941
12703261
1304522
13061141
13932172
14474253
14546292
14607498
14635593
14635599
14635608
14635614
14644274
14644275
14644755
14644759
14645717
14645722
14645768
14645773
14646183
14646188
14652102
14652142
14696832
14801551
15862723
16173433
16196190
16201369
16541037
16675509
16826926
16882155
16882158
16923460
16994690
17327795
17497718
17731825
17826535
17829788
1789439
17978659
1800743
18024791
18078748
18956498
19007809
19157664
19160698
19498564
19595794
19613000
19653079
19925545
19927832
20225527
20225537
20341847
20437483
20462394
20488876
20513946
2077163
2424623
2754084
3291226
3718044
3720631
3754039
4104725
4153430
4161572
4223360
4656990
4775328
4775637
4871122
4871123
4871124
4871125
5010949
5062721
5064048
5345805
5345835
5345890
5572978
5572992
6014288
6071772
6301294
6385290
6570909
6584862
6842266
6860324
6870442
6898391
6898484
7320810
7421221
7421224
7421226
7421228
7421230
7421232
7421235
7614628
7935528
8283886
8615841
8745072
8940087
8940230
9041261
9089128
9241074
9568845
988586
